0.111352
0.115881
0.0995056
0.0972733
0.0946378
0.0781768
0.0769705
0.0757109
0.0819392
0.0820582
0.0813528
0.0955281
0.0953001
0.0952606
0.0952691
0.0874017
0.0882991
0.0880691
0.0954656
0.0953767
0.0951152
0.0846309
0.083242
0.0816851
0.0787437
0.0781249
0.0774516
0.0897016
0.0899029
0.0902361
0.0906217
0.0858832
0.0863427
0.0868574
0.0726607
0.0730542
0.0731039
0.0880662
0.086514
0.0852044
0.0815699
0.0773202
0.072102
0.0665505
0.0572783
0.0571271
0.0569425
0.0662122
0.0653206
0.0642397
0.0577948
0.0541272
0.0503739
0.0473387
0.0447881
0.0423816
0.039724
0.0400829
0.0406109
0.0411926
0.0484263
0.0503438
0.0546053
0.0499354
0.0467389
0.0440071
0.0499
0.047007
0.046067
0.038993
0.0375932
0.0359942
0.0370915
0.0369419
0.0369213
0.0370085
0.034616
0.0347108
0.0346713
0.037673
0.0366778
0.0355484
0.0354464
0.0362438
0.0365608
0.0280827
0.0279347
0.0276821
0.0274515
0.0312755
0.03043
0.0297982
0.0310599
0.0309098
0.0308892
0.0311874
0.0314349
0.0317926
0.0293713
0.0283405
0.0274776
0.0264032
0.0263802
0.0263655
0.0263579
0.0225705
0.0272767
0.0350874
0.0274413
0.0222167
0.0205482
0.0295664
0.0292426
0.0289209
0.0234628
0.0234137
0.0234033
0.0234033
0.0254392
0.0250108
0.0245533
0.0224146
0.0222833
0.0228392
0.0265348
0.026398
0.026509
0.0188489
0.0183419
0.0181757
0.0211636
0.021068
0.0210075
0.0209871
0.0233384
0.0233619
0.0235107
0.0248899
0.0248443
0.0248658
0.026025
0.0260144
0.0260466
0.0228451
0.0228232
0.0229634
0.0229956
0.0246656
0.0246822
0.0248318
0.0230692
0.0241339
0.0263968
0.0299183
0.0302534
0.0309415
0.0394656
0.0484543
0.0611667
0.0608626
0.0489509
0.0377912
0.0449578
0.0447416
0.0364563
0.0334898
0.0394641
0.0400411
0.0415396
0.0513135
0.0456047
0.0446293
0.0421015
0.0352708
0.0317356
0.0306674
0.0297856
0.0302528
0.0304285
0.0238893
0.0204008
0.0202188
0.0205852
0.0228559
0.0290384
0.02627
0.0250816
0.0257018
0.0235247
0.0226342
0.0233954
0.0232334
0.0232899
0.0229989
0.022942
0.0225139
0.0217488
0.0236252
0.0277863
0.0279975
0.0278009
0.0287114
0.025089
0.0240603
0.0243257
0.027106
0.0307861
0.0359148
0.0263195
0.024955
0.0278616
0.0341809
0.040396
0.048619
0.0330865
0.0244756
0.0242319
0.0219265
0.0214668
0.0215554
0.0218236
0.024455
0.0233691
0.0240796
0.018495
0.018357
0.0184775
0.0176033
0.0174914
0.0174785
0.025271
0.0252128
0.0251908
0.025185
0.0252192
0.0252472
0.0251579
0.0282942
0.0283958
0.0282984
0.0211223
0.0211501
0.0214724
0.0235303
0.0234465
0.0232518
0.0238645
0.0241139
0.0241092
0.0243672
0.0212864
0.0209382
0.0209055
0.0223868
0.0242661
0.0277737
0.0256614
0.0232761
0.0225623
0.0169685
0.016101
0.0158889
0.0204723
0.0199855
0.0195887
0.0199358
0.0195634
0.0195646
0.0195744
0.0176249
0.017999
0.0177584
0.0190212
0.0188267
0.018732
0.022807
0.022686
0.0226085
0.0225218
0.0202017
0.0203457
0.0203615
0.0170017
0.0177561
0.0171379
0.0183955
0.0181342
0.0181022
0.0219896
0.0216898
0.0215853
0.0245071
0.0244744
0.0245324
0.0245367
0.0210945
0.0210104
0.0210212
0.0203728
0.0204596
0.0205049
0.0253072
0.0254082
0.0254435
0.0264862
0.0256374
0.0248014
0.0263384
0.0203681
0.0200512
0.019947
0.0237205
0.0232879
0.0233329
0.022435
0.0219807
0.0246601
0.0216498
0.0208838
0.0207783
0.0240025
0.0240232
0.024031
0.0240439
0.0205243
0.020398
0.020375
0.0235951
0.0251343
0.0256037
0.0233372
0.0227695
0.0226098
0.0166321
0.0167361
0.0178348
0.0171613
0.0220588
0.0223842
0.0224544
0.024294
0.0241241
0.0240288
0.0188521
0.0188844
0.0189056
0.0230749
0.0231575
0.0233158
0.0249654
0.0243706
0.0237746
0.023254
0.020707
0.0206117
0.0205475
0.0230792
0.0233629
0.0234318
0.0242232
0.0245316
0.026318
0.020474
0.0194529
0.0194117
0.0228755
0.0228305
0.0227604
0.0229755
0.0180926
0.0182547
0.0184521
0.0218776
0.0232165
0.0271992
0.0263489
0.0247348
0.0247796
0.0232632
0.0227051
0.0228612
0.022553
0.0287582
0.0292139
0.0257134
0.0251182
0.0257023
0.0294752
0.0272392
0.0261099
0.0260799
0.0222695
0.0224413
0.0233614
0.0229257
0.0221774
0.02223
0.0222914
0.0229557
0.0228787
0.0227665
0.0247511
0.0247951
0.0248608
0.0225391
0.0225873
0.0224883
0.0231371
0.0287972
0.0362347
0.0448131
0.0531935
0.0348568
0.0283835
0.0222009
0.0216666
0.0215055
0.0200742
0.0199092
0.0198526
0.0201311
0.0200622
0.0199951
0.0199388
0.023178
0.023231
0.02325
0.0215967
0.0216838
0.0217533
0.0215212
0.0212287
0.0211375
0.0216953
0.0224314
0.0232355
0.0203067
0.0208142
0.0219727
0.0238893
0.0312419
0.0297758
0.0287391
0.0237436
0.0230868
0.022638
0.0218331
0.0217548
0.0218153
0.0219703
0.0215754
0.0212077
0.0209079
0.0175473
0.0173459
0.017227
0.0182124
0.0182492
0.0182637
0.0206871
0.0204634
0.020613
0.0202627
0.0203512
0.0207181
0.0233475
0.0254764
0.0245282
0.0241152
0.021872
0.0213934
0.021181
0.02195
0.0219866
0.0219999
0.0254177
0.0252433
0.0278843
0.0204934
0.0204744
0.0222338
0.0244128
0.0246545
0.0231794
0.0226389
0.0224228
0.0226868
0.0228971
0.0318607
0.0320671
0.0325186
0.0276383
0.0254644
0.0245582
0.0175166
0.0175688
0.0175883
0.0176037
0.0169739
0.016624
0.0163634
0.0232427
0.0232565
0.023434
0.0245125
0.0244853
0.0247387
0.0213458
0.0219558
0.0227927
0.0212683
0.020766
0.0204785
0.0202436
0.0186836
0.0186527
0.0186377
0.0223914
0.0234249
0.0248392
0.0265586
0.024063
0.0257882
0.0233781
0.0222899
0.0219945
0.0221775
0.0255721
0.0251448
0.0245189
0.0222911
0.0225765
0.0224021
0.0217432
0.0218601
0.0223491
0.0183367
0.0184513
0.0184795
0.0235304
0.0237232
0.02372
0.0237122
0.0260022
0.025733
0.0254901
0.0222628
0.0251216
0.0290322
0.0256784
0.0234277
0.0238434
0.0213801
0.0204556
0.0196346
0.0199463
0.0285113
0.0361152
0.0487923
0.0294405
0.0229271
0.0218448
0.0228199
0.023124
0.0232437
0.0198762
0.0188069
0.019008
0.0221349
0.0218908
0.0215512
0.0214255
0.0273893
0.0284293
0.0304931
0.0272649
0.025214
0.0244315
0.0225708
0.0225537
0.0225639
0.022149
0.0223023
0.0223449
0.0225895
0.0212762
0.0209223
0.0210641
0.0252013
0.0250118
0.0250411
0.0174763
0.0175473
0.0176139
0.0221988
0.0221829
0.0221823
0.0230693
0.0230579
0.0231104
0.0231801
0.0199015
0.019525
0.0191909
0.0201851
0.0201827
0.0202311
0.0224855
0.0225461
0.0230683
0.0149174
0.0147853
0.0143341
0.0141647
0.0230199
0.0223286
0.022107
0.0184584
0.0183302
0.0185011
0.0215455
0.0250119
0.0363713
0.0323738
0.0261718
0.0251248
0.0206384
0.0207364
0.0216448
0.0219094
0.0243517
0.0243573
0.0243574
0.0285281
0.0282674
0.0282924
0.0174629
0.0175739
0.0176177
0.0238409
0.0227994
0.0222179
0.0231133
0.0209684
0.01947
0.0185404
0.0225007
0.02516
0.0289996
0.0194905
0.0185318
0.0182868
0.0199572
0.0197169
0.0196156
0.0274709
0.0277922
0.0284923
0.0303911
0.0288743
0.0284821
0.0292024
0.0256891
0.0255221
0.0269188
0.0190905
0.0180533
0.018472
0.0183004
0.0181903
0.0181403
0.0219724
0.0220618
0.02209
0.0221055
0.0207627
0.0199904
0.0195404
0.0231388
0.0232249
0.0233555
0.0236698
0.0238635
0.0246018
0.0243561
0.0244906
0.0245322
0.0184974
0.0176701
0.0175573
0.0175557
0.0237291
0.0234625
0.0231946
0.0196133
0.0195622
0.0195464
0.0196966
0.019655
0.0196747
0.0190362
0.0190524
0.0190606
0.0190625
0.019283
0.019339
0.0193801
0.0259966
0.0270189
0.0274146
0.0292043
0.0261615
0.0285955
0.027287
0.026651
0.0265977
0.0248156
0.0248324
0.0248384
0.0248444
0.0252142
0.0251451
0.0251286
0.0160842
0.0160383
0.0160213
0.0182723
0.0185937
0.0190881
0.0187301
0.0190426
0.0187013
0.0190525
0.0210506
0.0214786
0.0222538
0.0191457
0.0213059
0.0188488
0.0225555
0.0211967
0.0207942
0.0169268
0.0168197
0.0172186
0.0192499
0.0190108
0.0190117
0.0192194
0.019119
0.0191232
0.0191274
0.0191224
0.0190077
0.0189713
0.0200592
0.0199298
0.0199881
0.0173929
0.0170929
0.0170118
0.0170145
0.0190435
0.0207903
0.026057
0.0235773
0.0226707
0.0226294
0.0203303
0.0202234
0.0202255
0.0194442
0.0199541
0.020367
0.0204395
0.0189982
0.0187807
0.0193167
0.0204256
0.0201945
0.0201967
0.0194586
0.0194239
0.0194322
0.0215532
0.0213097
0.0217313
0.0195665
0.0194425
0.0196828
0.0206587
0.0203997
0.0204936
0.0205095
0.0193954
0.0190703
0.0189853
0.0213983
0.0214252
0.0213846
0.0204012
0.0202961
0.0202717
0.0191006
0.0194138
0.0205296
0.0243955
0.021813
0.0214992
0.0218174
0.0235055
0.0233012
0.0244751
0.0208438
0.0218907
0.0240009
0.0219156
0.0221772
0.022277
0.0243432
0.0222826
0.0208205
0.0199505
0.019217
0.0191185
0.0189025
0.0212826
0.0212603
0.0213082
0.0196807
0.0195605
0.0194318
0.0183809
0.0185034
0.018597
0.0184936
0.0185158
0.0191239
0.0203244
0.0215968
0.0208465
0.0207999
0.0212789
0.0214244
0.0212861
0.0188466
0.0187482
0.0187311
0.015799
0.0156814
0.0156031
0.0155729
0.0200366
0.0200192
0.0200191
0.0182383
0.0182783
0.018363
0.0226141
0.0224361
0.0223557
0.0172871
0.0173706
0.0173913
0.0229602
0.0231169
0.0235625
0.0242008
0.0209583
0.0208931
0.0212311
0.0188925
0.0210959
0.0244941
0.0207024
0.0191632
0.0195319
0.0171705
0.0170829
0.0172995
0.0176833
0.0202579
0.0206154
0.0261311
0.0224918
0.0209408
0.0208703
0.0193076
0.0190039
0.0187924
0.0202065
0.0197088
0.019581
0.0219072
0.0227772
0.0239264
0.0250269
0.0252484
0.0245383
0.0234937
0.0203715
0.0200513
0.0199227
0.0267414
0.0267757
0.0268943
0.0250176
0.025203
0.0254268
0.0149402
0.0147661
0.0147352
0.0147195
0.0235325
0.024021
0.0249619
0.0217116
0.0206199
0.0205705
0.021814
0.021734
0.0217264
0.0173077
0.017815
0.0201699
0.0211762
0.0265383
0.026653
0.0272661
0.020853
0.019441
0.0194629
0.0254568
0.0243466
0.0244883
0.0279295
0.0264208
0.0262476
0.0209759
0.0210873
0.0211615
0.0212144
0.0276364
0.0275828
0.0276757
0.0247297
0.0246389
0.0249483
0.0261004
0.0269043
0.0278505
0.0201602
0.0195928
0.0194223
0.0193855
0.0242225
0.0240022
0.023982
0.0286812
0.0284187
0.0282806
0.0312699
0.039915
0.0551278
0.0328716
0.0300247
0.0296508
0.029482
0.026726
0.024247
0.0242059
0.0238455
0.0234322
0.0234831
0.0236591
0.0228751
0.0226894
0.0233667
0.0233041
0.0233046
0.0268317
0.0274075
0.0261341
0.024504
0.0234005
0.0234142
0.0312973
0.0289547
0.0355465
0.0458141
0.0449728
0.0455812
0.0340396
0.0329387
0.0322073
0.045233
0.0442466
0.04417
0.0372547
0.0372587
0.0368204
0.0362182
0.0312079
0.0312694
0.0312763
0.0305882
0.026474
0.0258239
0.0260891
0.0275577
0.0294415
0.0284001
0.0260004
0.0255681
0.0254316
0.0215694
0.0215865
0.0215972
0.0257871
0.0279064
0.0309486
0.0312329
0.0260006
0.0240013
0.0211322
0.0214046
0.0215562
0.0253534
0.0248651
0.0246863
0.0248089
0.0310679
0.0367166
0.0466946
0.0284674
0.0236362
0.0226574
0.0250976
0.0251133
0.0251445
0.0218598
0.0214541
0.0217185
0.0224473
0.0220304
0.022183
0.0233431
0.0231731
0.02198
0.0218451
0.0228679
0.0225621
0.02256
0.0228274
0.0235539
0.026137
0.0235325
0.0221197
0.0214596
0.0213599
0.0211854
0.0208402
0.0207238
0.0217343
0.0242098
0.0280923
0.0316876
0.0263228
0.0239801
0.0207425
0.0207287
0.0207639
0.0207796
0.0168679
0.0169746
0.0171478
0.0244404
0.0245547
0.0253475
0.0180216
0.0173832
0.01817
0.0197333
0.0199646
0.0203636
0.0209228
0.0255381
0.0242712
0.0233013
0.0228407
0.0228577
0.0228699
0.0228468
0.0235664
0.0237145
0.0191239
0.0190373
0.0190173
0.0216987
0.0215934
0.0214889
0.0213884
0.0215289
0.0211769
0.0208585
0.024359
0.0241452
0.0239418
0.0191622
0.0191624
0.0191625
0.0226593
0.0227486
0.0227987
0.0228077
0.0197269
0.0196096
0.0194606
0.0222519
0.0229239
0.0260651
0.0326
0.0335393
0.0356136
0.032204
0.0307846
0.0296348
0.0289391
0.0301731
0.0285984
0.0273978
0.0198147
0.019855
0.0196398
0.0273259
0.0275828
0.0292187
0.028046
0.026263
0.0252396
0.0201137
0.0200375
0.0200244
0.0200256
0.0225632
0.0221292
0.0221033
0.0183648
0.0179432
0.017878
0.0204644
0.0206925
0.0204988
0.0223511
0.0223111
0.0222908
0.0207511
0.0207373
0.0207854
0.0207623
0.0250744
0.0256022
0.0263116
0.0208026
0.0208098
0.0201272
0.0203111
0.0205032
0.0205967
0.0203269
0.0203157
0.0201909
0.0201021
0.0233246
0.0233672
0.0234121
0.0245262
0.0239702
0.0244572
0.0223375
0.0211008
0.0207379
0.022078
0.0218178
0.0218176
0.0254606
0.0253172
0.0252964
0.0253009
0.0237308
0.0239289
0.0241974
0.0254538
0.0254608
0.0254694
0.0200214
0.0196312
0.0205059
0.0247189
0.0278952
0.0262797
0.0255675
0.0227891
0.0224271
0.0229014
0.0174972
0.0174332
0.0174305
0.0213815
0.0212777
0.0212849
0.0322578
0.031293
0.0325119
0.0212736
0.0211276
0.0213477
0.0216421
0.0267223
0.0273366
0.0269814
0.0250692
0.024461
0.024336
0.0192549
0.0194958
0.0196022
0.026518
0.0262614
0.02599
0.0261694
0.0186217
0.0184922
0.0195537
0.023578
0.0231678
0.023045
0.0192059
0.0189546
0.0191638
0.0237453
0.0226347
0.0219233
0.0215531
0.0216696
0.0236743
0.0291811
0.0275224
0.0287129
0.0293469
0.0419979
0.0306908
0.0233499
0.0248848
0.0249129
0.0249298
0.020718
0.0206063
0.0204742
0.0204009
0.0244448
0.0244407
0.024431
0.0189308
0.0189861
0.0190235
0.020574
0.020995
0.0211544
0.0214759
0.0207744
0.0204003
0.0203735
0.0223621
0.0219515
0.0216893
0.0195691
0.0195686
0.0195711
0.0201843
0.0200377
0.019999
0.0240357
0.0240889
0.0241504
0.025825
0.0262819
0.0269285
0.0276801
0.0210042
0.0212939
0.0210225
0.0193412
0.0193279
0.0193333
0.0236695
0.0234689
0.0237407
0.0204471
0.0204722
0.0208274
0.0214587
0.0199906
0.0195658
0.0192896
0.0242541
0.0234837
0.0234192
0.0261333
0.0251746
0.0251604
0.020666
0.0208793
0.0211216
0.0222314
0.0222313
0.0223818
0.0223669
0.0224004
0.0219979
0.0219254
0.0200098
0.0196996
0.0195992
0.0197877
0.0200024
0.0195991
0.0214939
0.0209175
0.0203165
0.0197848
0.0218891
0.0219166
0.0224715
0.0170933
0.0173706
0.0177943
0.0229934
0.0218011
0.0223185
0.0215609
0.0211243
0.0211657
0.0211953
0.0218273
0.0219643
0.0221707
0.0233001
0.0225506
0.022093
0.0199143
0.0204321
0.0206788
0.0214179
0.0209779
0.0208855
0.0143598
0.0145564
0.0152699
0.0165865
0.0179661
0.0176365
0.0176572
0.0202084
0.0241412
0.0293564
0.0210176
0.0208842
0.0228594
0.0244198
0.0218278
0.0211776
0.0219739
0.0215728
0.0208264
0.0211185
0.0205712
0.0203643
0.0201673
0.0163196
0.0167495
0.017307
0.0179977
0.0180368
0.0179556
0.0211515
0.0209433
0.0210824
0.021125
0.0233567
0.0232779
0.0234692
0.0195838
0.0201
0.0203129
0.0194015
0.0188364
0.0200469
0.0213533
0.0240636
0.0254626
0.0261625
0.0221079
0.0260748
0.0365792
0.0338184
0.0412636
0.0298522
0.020333
0.019974
0.0200123
0.0227207
0.0213441
0.0206025
0.0216447
0.0218695
0.0221387
0.0219683
0.0215972
0.0205001
0.0214698
0.0220154
0.0215364
0.0214755
0.0209858
0.0203408
0.0202079
0.0186467
0.0187366
0.0187437
0.018408
0.0179292
0.0201691
0.0247448
0.0185249
0.0157274
0.0156392
0.0220579
0.0228181
0.0225705
0.0212349
0.0202665
0.0198853
0.0220159
0.0224646
0.0259795
0.0270504
0.0284688
0.0226159
0.0196515
0.0206442
0.0206603
0.0206367
0.0229077
0.0235012
0.0280335
0.0195909
0.0182762
0.0190922
0.0194262
0.0215239
0.0205502
0.0194853
0.0196768
0.0197526
0.0189469
0.0207371
0.0204458
0.0203576
0.0168246
0.0169051
0.0169468
0.0169709
0.018232
0.0191935
0.0195083
0.0162342
0.0157094
0.0156365
0.0202599
0.0201503
0.0202107
0.021256
0.0256666
0.0315795
0.0256736
0.0194193
0.0178285
0.016396
0.0117302
0.0117289
0.0116526
0.0163863
0.0166363
0.018153
0.0261116
0.0230043
0.0223359
0.0251283
0.0251644
0.0255085
0.0293404
0.0224881
0.0216612
0.0220866
0.0201245
0.0195074
0.0194312
0.0187862
0.0187456
0.0187902
0.0177594
0.017144
0.0167896
0.0211627
0.0220135
0.0235722
0.0258438
0.023322
0.0228143
0.0234765
0.0212795
0.0191256
0.0209192
0.0199373
0.0197977
0.0198748
0.0189754
0.0190169
0.0196626
0.0208803
0.0270609
0.0246542
0.0276023
0.0342028
0.0357946
0.0373613
0.0239512
0.0221734
0.0208137
0.0194651
0.0195552
0.0200281
0.0157779
0.0163749
0.0156948
0.0154298
0.0153279
0.0151079
0.0151787
0.0205779
0.0205201
0.0216672
0.021302
0.0253516
0.0344159
0.0246865
0.020718
0.0204312
0.0204756
0.0189095
0.0189431
0.0189062
0.0165105
0.016643
0.0167169
0.0168748
0.0165277
0.0163543
0.0187201
0.0182903
0.0176224
0.017746
0.0197682
0.0196866
0.0198245
0.017247
0.0168877
0.0174853
0.0191855
0.0180927
0.0177228
0.0196991
0.0187933
0.019108
0.0164546
0.0164715
0.0166613
0.016581
0.0239206
0.0252372
0.0256858
0.017783
0.0170655
0.016768
0.0211363
0.0242022
0.0288246
0.0269297
0.0265535
0.0247551
0.0242528
0.0170484
0.0167652
0.0166676
0.0208337
0.0208654
0.0209786
0.0241878
0.0265646
0.0294294
0.0194455
0.0187339
0.0191008
0.0200409
0.0201153
0.0198933
0.0198182
0.0201055
0.0202214
0.0202553
0.0214507
0.0217669
0.023027
0.0171126
0.0149232
0.0142744
0.0186932
0.0189209
0.0214609
0.0220888
0.0229857
0.0209309
0.020115
0.0190902
0.0191775
0.0192268
0.0155671
0.0156802
0.0158288
0.0159545
0.0158777
0.0158681
0.0172388
0.0175237
0.0176144
0.0177792
0.024969
0.023084
0.0222022
0.028895
0.0296739
0.0313601
0.0177013
0.016689
0.0165662
0.0160416
0.0148497
0.0150476
0.0147878
0.0171216
0.0171809
0.018269
0.0183814
0.0185159
0.0185668
0.0233478
0.0236154
0.0238045
0.017668
0.0168986
0.0180136
0.0176101
0.0175898
0.0168686
0.0166443
0.0179142
0.0186348
0.0188618
0.0199898
0.019339
0.0190048
0.0203272
0.0206437
0.0211602
0.02273
0.0245491
0.0270264
0.0298369
0.0196273
0.0181516
0.0177666
0.0200413
0.0205036
0.0205728
0.0193223
0.0190463
0.0190755
0.0196245
0.0201581
0.0197323
0.0195728
0.022298
0.0238387
0.0254486
0.0311191
0.0288914
0.0250976
0.022722
0.02206
0.0219132
0.0185878
0.0184903
0.0184732
0.0225816
0.0223151
0.0232058
0.0234743
0.0203748
0.0204824
0.0209894
0.0178714
0.0178753
0.0179513
0.0153013
0.0152271
0.015216
0.019306
0.0193098
0.019304
0.0193023
0.0195853
0.0195953
0.0196048
0.0179031
0.01783
0.0178413
0.0215449
0.0209355
0.0207594
0.017605
0.0175477
0.0175584
0.0168409
0.0168058
0.0168745
0.01691
0.0163108
0.0178394
0.0203186
0.0347683
0.0408408
0.0484765
0.0287969
0.0237053
0.0212124
0.019481
0.0219488
0.0220739
0.0182945
0.0196738
0.0199787
0.0194783
0.0188301
0.0188221
0.0189937
0.0176541
0.0179353
0.0179692
0.0157521
0.0161954
0.0164081
0.0185659
0.0184378
0.0190837
0.0207636
0.0194988
0.0218151
0.0207504
0.0169983
0.0150907
0.0147188
0.0154819
0.0150121
0.014986
0.015337
0.0152843
0.0152435
0.014439
0.015965
0.0183475
0.0215542
0.0195723
0.017592
0.0178587
0.0150857
0.014702
0.0143767
0.0135198
0.013466
0.0134647
0.0150943
0.0152769
0.0153551
0.0182836
0.0180352
0.0178354
0.0176325
0.0186075
0.0188392
0.0201878
0.0178303
0.017226
0.0170555
0.0164754
0.0153998
0.015378
0.0151367
0.015804
0.0160326
0.0176663
0.0211627
0.0183929
0.0212152
0.0175498
0.0160864
0.0159344
0.0208175
0.0204738
0.0223343
0.0171666
0.016707
0.0166816
0.0150075
0.0150346
0.0150796
0.0150672
0.015423
0.0159082
0.0160425
0.017115
0.0172123
0.0162662
0.0135771
0.0134013
0.0133172
0.0122776
0.013035
0.0143419
0.016104
0.0156104
0.0159265
0.0172513
0.0183436
0.0186591
0.0216776
0.0159412
0.0167945
0.0156656
0.0161776
0.0166201
0.0156769
0.0183424
0.018363
0.0191312
0.019484
0.0154327
0.0148132
0.0146775
0.0138076
0.0138747
0.0139015
0.0174523
0.0167653
0.0162238
0.0158042
0.0161953
0.0163619
0.0215763
0.0205044
0.0211557
0.0149687
0.0141605
0.0139645
0.0140187
0.0159788
0.0159159
0.0158127
0.0190174
0.0183485
0.0179666
0.0138558
0.0138598
0.014215
0.0183533
0.0178827
0.0176742
0.0176742
0.0156533
0.0157635
0.0164034
0.0164124
0.0151736
0.0162008
0.0173607
0.0172449
0.0187319
0.018659
0.0171418
0.0182917
0.0228303
0.0210968
0.0240803
0.0335226
0.0267838
0.0278625
0.0201676
0.0190743
0.019602
0.0211548
0.0158456
0.0165699
0.0174004
0.0187441
0.0177642
0.0171327
0.0166531
0.0159294
0.0160529
0.0159287
0.0183732
0.0181646
0.0177835
0.0150048
0.0154142
0.015145
0.0159464
0.0159418
0.0159461
0.0163419
0.0165267
0.0166856
0.0178743
0.0219264
0.0216066
0.0215534
0.0141341
0.016018
0.0179869
0.0178224
0.0205487
0.0288217
0.0222989
0.0214058
0.0176598
0.0179525
0.0192038
0.0194121
0.0223657
0.0199377
0.0192003
0.0191678
0.0214091
0.0214712
0.0215802
0.0152204
0.0149526
0.0151667
0.0150242
0.0175061
0.0168027
0.0193222
0.0152344
0.013214
0.0130393
0.0151745
0.0152737
0.0153997
0.0209103
0.0201042
0.0199725
0.0160945
0.0159325
0.0158733
0.0158125
0.0169898
0.0187091
0.0176241
0.0158788
0.0153706
0.0151673
0.014159
0.0141613
0.0141697
0.0167659
0.0166922
0.0166909
0.018366
0.0159148
0.0152697
0.0150195
0.0127424
0.0127391
0.0129889
0.0157265
0.0159586
0.0160172
0.0166075
0.0164742
0.0164571
0.0161655
0.0171924
0.0173189
0.0172394
0.0199159
0.0202369
0.0205413
0.0218267
0.0185091
0.0168618
0.0127682
0.0126194
0.012599
0.0185658
0.0191546
0.0195762
0.0195137
0.0149429
0.0135293
0.013463
0.0154018
0.0155944
0.0159712
0.0160993
0.0180888
0.0170384
0.0167824
0.0164899
0.0164251
0.0151782
0.0145841
0.0143169
0.0142236
0.0165014
0.0165225
0.0165381
0.0154875
0.0149855
0.0147511
0.0168741
0.0165643
0.0167295
0.0170271
0.0166908
0.0166681
0.0166661
0.0167581
0.0182795
0.0211234
0.0166216
0.0157902
0.0158838
0.0119862
0.0161973
0.0257719
0.0161482
0.0136111
0.0131058
0.010525
0.0106359
0.0103088
0.0101203
0.016971
0.0168862
0.0170777
0.0174973
0.0172251
0.0181736
0.0140077
0.0137381
0.0134881
0.0138476
0.01374
0.0137529
0.0138116
0.012054
0.0118309
0.0123421
0.0188227
0.0171317
0.016406
0.0127423
0.0132316
0.0134793
0.0188088
0.0186724
0.0190118
0.0195303
0.0164433
0.0183324
0.0210595
0.0199522
0.0180569
0.0175147
0.0155613
0.0150914
0.0146672
0.0158764
0.0160291
0.016152
0.0191332
0.0223428
0.023633
0.0244957
0.0262674
0.0331015
0.0457817
0.0517387
0.0727956
0.101954
0.0892879
0.0478572
0.0302088
0.036058
0.026009
0.0275903
0.0206712
0.0142368
0.0135985
0.0131253
0.0132827
0.0133468
0.0134073
0.0144273
0.0146334
0.0152666
0.012814
0.0125541
0.0124462
0.0179942
0.017183
0.0180546
0.0172204
0.0163269
0.0159077
0.0157578
0.0130797
0.0146934
0.0179519
0.0153141
0.0136767
0.0135517
0.0154832
0.0152915
0.015572
0.0156646
0.0185026
0.0197562
0.0216028
0.0172395
0.0158126
0.0155699
0.0160568
0.0160657
0.0160697
0.0128908
0.0128874
0.0128846
0.0128098
0.0134484
0.0133166
0.0132566
0.0169558
0.0171989
0.0175971
0.0119173
0.0110933
0.0107585
0.0100481
0.00980439
0.0100649
0.0141905
0.0201074
0.0332484
0.0553685
0.0658345
0.0684032
0.0330863
0.0170239
0.01449
0.0155106
0.0164262
0.0176803
0.0181085
0.010178
0.0101276
0.0102968
0.00996606
0.0148534
0.01472
0.0141169
0.0145292
0.014552
0.0146822
0.0126474
0.0123616
0.0130379
0.0142323
0.0136306
0.0135725
0.0145691
0.0147104
0.0147791
0.0148038
0.0139116
0.0131359
0.0127669
0.0101012
0.0102694
0.010278
0.0171316
0.0168199
0.0168279
0.0119814
0.012182
0.0123535
0.0141289
0.0134216
0.0118749
0.0117166
0.0155267
0.0172074
0.0314877
0.0157603
0.0106063
0.0100732
0.0137626
0.0150666
0.0176327
0.013177
0.01221
0.0123189
0.0140426
0.0161314
0.0160888
0.0166586
0.0124518
0.0117084
0.0137092
0.0172468
0.0162081
0.0160983
0.0127261
0.0127531
0.0127614
0.0127629
0.0155401
0.0174443
0.0207124
0.0140521
0.0126944
0.0127731
0.0109395
0.0110706
0.0112712
0.0199149
0.0206896
0.0212856
0.0150539
0.0142698
0.0141756
0.0142107
0.0102882
0.0101206
0.0100072
0.0137164
0.0137456
0.0138851
0.0120027
0.0136742
0.0172453
0.0207792
0.0202497
0.0170927
0.0156224
0.0112947
0.0113153
0.0111654
0.0107473
0.0109579
0.0112011
0.0148337
0.0151137
0.0146217
0.007219
0.00725511
0.00726568
0.00727414
0.017656
0.0223342
0.0300438
0.0156111
0.011166
0.0108399
0.0197969
0.0194267
0.0192656
0.0122
0.0120064
0.0119587
0.00875526
0.00889804
0.00916186
0.00953843
0.0142852
0.0139635
0.0140733
0.00715927
0.00728452
0.00727944
0.014683
0.0148708
0.0149175
0.00961482
0.0094956
0.00960996
0.00947497
0.0114545
0.0114717
0.0118789
0.0136371
0.0136117
0.0144322
0.0156609
0.0137921
0.0123432
0.0156287
0.0160845
0.0162521
0.0117404
0.0112851
0.0112453
0.0116769
0.0143772
0.0165474
0.0145201
0.0170781
0.0195395
0.0240602
0.021101
0.0244043
0.0180653
0.0122311
0.0118869
0.0119939
0.0122358
0.0144397
0.0155255
0.0170795
0.015731
0.0141738
0.0137342
0.011323
0.0118171
0.0120465
0.00890917
0.00857241
0.00849096
0.0104857
0.0108677
0.0113389
0.0117656
0.0123734
0.0132345
0.0127466
0.0121835
0.0122441
0.0122909
0.00976486
0.00972484
0.00936584
0.0113953
0.0133596
0.0164403
0.0203601
0.017509
0.0155558
0.0153039
0.0156447
0.0156374
0.0156534
0.0119337
0.0120111
0.0125982
0.0155934
0.0154225
0.0153534
0.0151848
0.0153882
0.0159511
0.0168476
0.0134138
0.0110316
0.00962755
0.0111738
0.0108302
0.0109551
0.0126569
0.012623
0.0126456
0.0155251
0.0169691
0.0177653
0.0462901
0.0178615
0.0103065
0.0105149
0.0125215
0.0136342
0.0131321
0.00986972
0.0091209
0.00884334
0.0151575
0.0151558
0.0151088
0.0128149
0.0142284
0.0146744
0.0150282
0.0114439
0.0105103
0.0104029
0.0103539
0.0109116
0.0117243
0.0147754
0.0169967
0.0177786
0.0127135
0.0115415
0.0103445
0.00962273
0.0110636
0.011041
0.0110859
0.00814737
0.00822173
0.00858648
0.010286
0.00998693
0.00998882
0.00856109
0.0084826
0.00847076
0.00847537
0.0107345
0.0105169
0.0104658
0.00839166
0.0088292
0.0084719
0.0116992
0.0117354
0.0115366
0.0142107
0.0146849
0.0143525
0.0135145
0.0142013
0.0149588
0.0156087
0.0187385
0.0155456
0.0141135
0.0135391
0.0136415
0.0137438
0.0105956
0.0100622
0.00982163
0.0125114
0.0115632
0.0109922
0.0111818
0.0153607
0.0147612
0.0143888
0.0169398
0.0154953
0.0142015
0.0228742
0.025586
0.0263206
0.018851
0.0163884
0.0147604
0.00843133
0.00774748
0.00874696
0.00912043
0.013714
0.0126458
0.0120293
0.00973907
0.0104544
0.0111843
0.00834743
0.0079599
0.00814786
0.00821429
0.00801574
0.00795254
0.00796989
0.00905793
0.00911741
0.00915174
0.0128105
0.0120182
0.013117
0.00835174
0.00740382
0.00732259
0.00806205
0.00814891
0.00834183
0.00625026
0.00805177
0.00863387
0.0125079
0.0239714
0.0247995
0.017795
0.010957
0.0107489
0.0109528
0.0100947
0.0107657
0.0103879
0.0130574
0.0147879
0.0136017
0.0143752
0.0140712
0.0122423
0.0110073
0.0108835
0.0118652
0.0121687
0.00999668
0.0100852
0.0102132
0.0113791
0.0100106
0.00925427
0.0133957
0.0133103
0.01326
0.0132292
0.0107464
0.0178382
0.0328861
0.0214924
0.014766
0.0173677
0.0293056
0.0450452
0.0661639
0.098184
0.038988
0.0123823
0.011048
0.0101531
0.0102678
0.0103568
0.0100277
0.00981969
0.0093127
0.00974928
0.00972724
0.00971662
0.0131908
0.0112298
0.0109453
0.0130258
0.0104399
0.00842402
0.00907863
0.010001
0.00979412
0.0115179
0.0135443
0.0137373
0.0110907
0.0132082
0.0119154
0.0115576
0.0106027
0.010326
0.0100981
0.0100977
0.011414
0.0119765
0.0120872
0.0105132
0.0109998
0.0111536
0.0134603
0.0145698
0.0130781
0.0101445
0.00993671
0.0105527
0.00962528
0.010553
0.0102473
0.0104682
0.00795702
0.00763273
0.00754476
0.00779724
0.00806241
0.00881847
0.00929912
0.00928017
0.00907946
0.0102453
0.0100386
0.009985
0.0100527
0.0156495
0.0157968
0.015396
0.0188941
0.0218291
0.025286
0.0180865
0.0271341
0.0375767
0.0160463
0.0216409
0.0474035
0.0922027
0.0164336
0.00626201
0.00425638
0.00833027
0.00854609
0.00883055
0.0153618
0.0240592
0.0348515
0.0183366
0.0127671
0.0115138
0.0109053
0.0108501
0.0108017
0.0107686
0.0107362
0.0107699
0.0108012
0.0113706
0.0114118
0.0114526
0.00806045
0.0080801
0.00809342
0.00794242
0.00751413
0.00797171
0.00987888
0.00750171
0.00611172
0.0061736
0.00806804
0.00792808
0.00783762
0.00666376
0.00665683
0.00665768
0.0085465
0.00848842
0.00837096
0.0154144
0.0178113
0.0183612
0.0185813
0.0155693
0.0125055
0.011342
0.00913306
0.00904038
0.0090186
0.0120049
0.0120086
0.0120158
0.00937622
0.00971798
0.0100606
0.0100833
0.0129487
0.0130449
0.0167279
0.0117751
0.00983744
0.0115182
0.0122111
0.0122279
0.0123022
0.0120059
0.0116831
0.011503
0.011419
0.00784243
0.00780524
0.00781067
0.00537604
0.00540521
0.00543884
0.00924667
0.0131224
0.019356
0.0116184
0.0100719
0.00975896
0.0100785
0.0103437
0.0106408
0.0107511
0.00990947
0.00817076
0.00776043
0.00591657
0.0059125
0.00544851
0.012403
0.0123966
0.0124055
0.0113159
0.0118544
0.0156744
0.0232602
0.0165906
0.0101907
0.00964963
0.0126307
0.0129145
0.0129959
0.0106929
0.00992439
0.00991075
0.0127244
0.0155852
0.019572
0.0140833
0.0134411
0.0131878
0.0132558
0.0114002
0.0184295
0.03077
0.0195852
0.0161137
0.0161329
0.00980283
0.00848614
0.00772403
0.0114133
0.0110024
0.0171848
0.0197905
0.0163284
0.0150766
0.0115577
0.0119722
0.0116818
0.0116875
0.0138674
0.0143311
0.014763
0.015483
0.0138571
0.0136677
0.0119768
0.0122965
0.0124206
0.0140066
0.0131646
0.0190957
0.0301104
0.0175962
0.0150683
0.0124885
0.00992173
0.00986713
0.00989535
0.0138571
0.0158006
0.0146441
0.0159033
0.0154132
0.0148184
0.0150124
0.0208569
0.0287404
0.0401186
0.0192646
0.0131119
0.0124349
0.0110986
0.011011
0.0109798
0.0117686
0.0116939
0.0116099
0.0116666
0.0100161
0.00951167
0.00925002
0.0120703
0.0131849
0.013771
0.0148809
0.0133682
0.0135953
0.00973667
0.0120737
0.0126908
0.0109622
0.011158
0.0106689
0.0101889
0.0120585
0.0121444
0.0122846
0.0131625
0.013682
0.0120034
0.0136972
0.0131946
0.0123128
0.00972576
0.0103631
0.0105312
0.0116109
0.0129693
0.0105883
0.0104461
0.0111097
0.0109227
0.0128672
0.0112149
0.00966021
0.00954485
0.00884969
0.00913041
0.00949238
0.00996121
0.0108856
0.00994824
0.00925849
0.00817367
0.0081534
0.00833278
0.0109909
0.0117752
0.0131357
0.00831525
0.00906791
0.0115471
0.0105363
0.00984875
0.0102528
0.0104113
0.0129795
0.0121449
0.0132049
0.00939538
0.0103957
0.0149366
0.0188112
0.0132606
0.0107586
0.00814947
0.00816482
0.00856413
0.00810369
0.00930114
0.00922609
0.00937596
0.0113703
0.0113504
0.0114062
0.00529644
0.00518854
0.00534885
0.0124236
0.0123747
0.0123713
0.0103047
0.010296
0.01018
0.0101092
0.00826518
0.00823121
0.00824101
0.00965386
0.00972645
0.00874096
0.0114375
0.0109276
0.0111662
0.00891277
0.00883175
0.00887191
0.00888998
0.00682693
0.00682606
0.00710699
0.0107869
0.0197045
0.0393809
0.0490002
0.0441113
0.0246152
0.0119468
0.0112335
0.0111679
0.0119106
0.0137598
0.0168256
0.0213894
0.00898439
0.00631304
0.00627474
0.0104262
0.011379
0.0129288
0.0134159
0.0242843
0.0471943
0.0199922
0.0118134
0.0106064
0.0109278
0.0108413
0.0111293
0.0112323
0.00959475
0.00971401
0.00980836
0.0116109
0.0145772
0.0192627
0.0192551
0.0243249
0.0218726
0.0325129
0.0339441
0.0227058
0.0196546
0.0129134
0.0105108
0.0096884
0.0169097
0.0184228
0.0177913
0.00831266
0.00820892
0.00823356
0.0128327
0.0124766
0.0124269
0.0103951
0.0103173
0.0102789
0.0102769
0.00770078
0.0081776
0.0079013
0.00987404
0.0103223
0.0107328
0.00879749
0.00842173
0.00856474
0.0113294
0.011718
0.0131891
0.0149416
0.0134131
0.0113028
0.0108911
0.0119623
0.0119917
0.0118933
0.0104455
0.00919264
0.00847617
0.0122278
0.0121677
0.0122404
0.0127734
0.0133035
0.013514
0.0142967
0.00828573
0.00789304
0.00763238
0.0109619
0.0114059
0.0119373
0.0119044
0.0117028
0.0118234
0.00873676
0.00889426
0.00957794
0.00975372
0.0109213
0.0123336
0.0106978
0.00778945
0.00782903
0.00780387
0.00864145
0.00870047
0.0086794
0.00990261
0.00933858
0.00938638
0.0094209
0.0111062
0.0108091
0.010929
0.00858687
0.0089865
0.00973231
0.0126607
0.0120192
0.0170775
0.00899791
0.00812199
0.00797186
0.00752311
0.00767463
0.00808225
0.00880494
0.00639361
0.00635763
0.00758766
0.0142861
0.014655
0.0135542
0.0149498
0.014778
0.0149355
0.0097398
0.0108022
0.0123416
0.0142876
0.0133421
0.011614
0.0110155
0.0119419
0.0122853
0.0119707
0.00968882
0.00957051
0.00798073
0.00742684
0.00867129
0.0105461
0.0165892
0.0198559
0.0244748
0.0308504
0.0313145
0.0297435
0.0320319
0.0257042
0.0307838
0.0321591
0.0338188
0.0205459
0.0221996
0.0163934
0.0147061
0.0144698
0.0144756
0.0140051
0.0142606
0.0146134
0.0124744
0.0121316
0.0120608
0.0144997
0.031054
0.0642212
0.086603
0.0350154
0.0132592
0.0179794
0.0194267
0.0202186
0.0272741
0.0234677
0.0273441
0.0321683
0.0171511
0.0112048
0.0105402
0.0149258
0.0145912
0.0145202
0.0176648
0.0175136
0.017587
0.017491
0.0110323
0.0115312
0.0146307
0.0151849
0.0119097
0.0119349
0.00916696
0.0093891
0.0119849
0.00982508
0.00981987
0.00911528
0.0127757
0.0128581
0.0128996
0.0128928
0.0102452
0.0102611
0.0102697
0.0102783
0.0104598
0.0105422
0.00695127
0.00674296
0.00663894
0.00884635
0.00884286
0.00883667
0.0088334
0.0147634
0.0150075
0.0151561
0.0135605
0.0134182
0.0144591
0.0090112
0.00800333
0.00787847
0.0137978
0.0142257
0.0144253
0.00847514
0.00763654
0.00756097
0.00770572
0.0128481
0.0136115
0.0154468
0.0108092
0.00908331
0.00891583
0.00860281
0.00844015
0.00842644
0.0114878
0.0114513
0.0115331
0.0115623
0.0113557
0.0114122
0.0119969
0.00938812
0.00879961
0.00865748
0.00969031
0.00970362
0.00983734
0.00885293
0.00886364
0.00887408
0.0100751
0.00981946
0.00971122
0.00988308
0.0109334
0.0118585
0.0122555
0.0131071
0.010915
0.0119673
0.012964
0.0123835
0.012921
0.0117421
0.0115252
0.0114647
0.011395
0.00807563
0.00799411
0.00793726
0.0107118
0.0119575
0.0136058
0.017623
0.0184764
0.0194495
0.0137754
0.0129401
0.0159964
0.0197798
0.0269135
0.0414081
0.0633628
0.0178037
0.00881902
0.00693127
0.0135396
0.0137113
0.0135953
0.0168921
0.0171201
0.0172397
0.0117385
0.0109717
0.010562
0.0124057
0.0133102
0.0124357
0.012482
0.00786825
0.00755518
0.00786063
0.0165375
0.016746
0.0168501
0.0120201
0.0114517
0.0114543
0.0129467
0.0128043
0.012766
0.0127622
0.00773331
0.00775828
0.007898
0.0108783
0.0110455
0.0112237
0.0112353
0.0109446
0.0106712
0.0098011
0.00951598
0.00963327
0.00968711
0.00926151
0.00924059
0.00923372
0.0107697
0.0108413
0.0108972
0.0116373
0.0112382
0.0113025
0.0073017
0.00722047
0.00719312
0.00988218
0.0170266
0.0335807
0.0622356
0.0849921
0.107688
0.121358
0.122278
0.079582
0.047812
0.0142228
0.00564342
0.00435515
0.00810518
0.00867239
0.0081105
0.00845744
0.0186873
0.0205557
0.0184799
0.00917084
0.00894414
0.0111632
0.0123195
0.0114104
0.0119591
0.0086494
0.00857043
0.00881523
0.00787956
0.00780498
0.00789679
0.00783084
0.00924387
0.0108019
0.0130534
0.0148002
0.0132923
0.0137519
0.0134576
0.0101685
0.00822504
0.0105152
0.0102979
0.0102468
0.0101031
0.00443565
0.0045077
0.00503236
0.00809932
0.00904684
0.0128387
0.0118136
0.0102347
0.0100448
0.0056287
0.00563699
0.00564214
0.00872405
0.0119656
0.0176188
0.0252742
0.0220465
0.0153537
0.0174857
0.0300181
0.0309473
0.0172058
0.00921262
0.0079493
0.00752582
0.0101411
0.0100881
0.0100836
0.0100855
0.00836761
0.00840105
0.00863837
0.00812162
0.00815101
0.00817987
0.0075231
0.00885711
0.00924292
0.0109939
0.010162
0.01035
0.00694229
0.00678257
0.00674197
0.0067262
0.00950831
0.010279
0.0117452
0.011819
0.0204316
0.0404913
0.0537385
0.0238639
0.00937576
0.00714394
0.0071448
0.00714469
0.00714387
0.00720731
0.0072131
0.00721288
0.0074768
0.00852048
0.00889355
0.011571
0.0107556
0.0104603
0.00952246
0.00903626
0.00839732
0.0101902
0.00982411
0.0111713
0.011571
0.00790709
0.00732275
0.0069442
0.0051777
0.00520697
0.00521612
0.00822771
0.0083121
0.00983868
0.00623169
0.00468404
0.00423046
0.00411527
0.00597637
0.00574794
0.00560912
0.00700229
0.00651901
0.0066012
0.00820895
0.00822957
0.00824474
0.00707097
0.00701408
0.00701383
0.00961666
0.00975637
0.00999835
0.0103462
0.010737
0.0125507
0.0153475
0.00828613
0.00633126
0.00625309
0.0143424
0.0201686
0.0277617
0.0185606
0.00884679
0.00663491
0.006077
0.00560012
0.00567115
0.00574047
0.0129714
0.0129706
0.0132979
0.00935234
0.00923607
0.00917872
0.00823671
0.00844934
0.00852425
0.00943151
0.0100379
0.0113498
0.0133248
0.012065
0.0130123
0.0116348
0.00956524
0.00940555
0.0119551
0.00608706
0.00593536
0.0056186
0.0101467
0.010455
0.0121611
0.0152421
0.0153666
0.0120129
0.0106156
0.00902095
0.00952394
0.00985364
0.0117168
0.0128015
0.0147083
0.0115181
0.00805147
0.0103751
0.0115401
0.0107364
0.012858
0.0162919
0.0136589
0.0120437
0.0105236
0.00991642
0.00962923
0.00944897
0.00909603
0.00830954
0.00818708
0.0109319
0.0109637
0.0109798
0.0114108
0.00738455
0.00801135
0.00765299
0.0133619
0.0127213
0.012554
0.0082472
0.00821435
0.00820242
0.0126216
0.0126795
0.0130675
0.0068692
0.00673717
0.00680093
0.00682592
0.0104793
0.0103453
0.0102024
0.00858948
0.00858394
0.00866119
0.00643232
0.00628853
0.00626792
0.00556731
0.00876139
0.0133674
0.0188721
0.0150554
0.0129558
0.012936
0.010114
0.00983294
0.00959908
0.00742977
0.00749616
0.00766672
0.00850182
0.0101252
0.0128683
0.0119048
0.0100995
0.00814428
0.00693672
0.00976934
0.0100771
0.0101991
0.011487
0.0107005
0.010564
0.0103603
0.0101843
0.0104662
0.0143675
0.0149926
0.0138422
0.0145244
0.0105976
0.00935819
0.00864823
0.00998775
0.00998177
0.00997832
0.00687303
0.00795716
0.00954777
0.0126745
0.0124465
0.0126635
0.00919485
0.00855681
0.00979145
0.010196
0.0126269
0.0135829
0.014915
0.0200394
0.0172466
0.0143412
0.0130579
0.0137081
0.0133405
0.0128475
0.0146432
0.017374
0.0200117
0.015787
0.0177972
0.021398
0.0204974
0.0194732
0.0164669
0.0076003
0.00691004
0.00853878
0.00999948
0.0131356
0.0180708
0.0135629
0.0154839
0.00815651
0.00627511
0.0101607
0.0100844
0.0100855
0.00813452
0.00829958
0.00896213
0.0135294
0.011972
0.0110504
0.00831987
0.00846781
0.00791452
0.0100454
0.0099011
0.0098891
0.00991977
0.0102753
0.0105389
0.0106138
0.01217
0.0174063
0.0264908
0.0134595
0.0109041
0.00899012
0.0113212
0.01089
0.010883
0.0112262
0.00498915
0.00488422
0.00487445
0.00696069
0.00756816
0.00701702
0.0112668
0.0119393
0.0131856
0.00860062
0.0081102
0.00807858
0.0114671
0.0117125
0.0118251
0.0134183
0.0126454
0.0160756
0.0214594
0.0157332
0.011185
0.0124515
0.00882353
0.00838936
0.00839155
0.00927725
0.00915867
0.00915319
0.00918851
0.0053023
0.00531715
0.00532719
0.00802329
0.00796102
0.00800349
0.00737412
0.00751851
0.00760503
0.00955562
0.00989457
0.0112908
0.00993679
0.00982243
0.00942409
0.0104833
0.0121286
0.0119477
0.0122328
0.00947497
0.00902172
0.00892626
0.0118433
0.0137064
0.016871
0.0136234
0.010839
0.0100593
0.00949561
0.00777464
0.00864849
0.00841664
0.0080054
0.00772842
0.00782237
0.00873384
0.0088481
0.00856646
0.00677065
0.00628338
0.00619816
0.00829073
0.00868308
0.0084326
0.00874259
0.0110387
0.010766
0.0113462
0.0108757
0.010391
0.0103003
0.00884515
0.00903242
0.00918305
0.0114998
0.0109212
0.0106551
0.010625
0.00600518
0.00616952
0.00746749
0.012085
0.0146253
0.0118615
0.0112907
0.0112704
0.011378
0.0135536
0.0138296
0.017119
0.0129666
0.00954558
0.00885114
0.00894353
0.0104254
0.0103465
0.0103577
0.010205
0.0104056
0.0139961
0.0119467
0.0113119
0.0112608
0.0110865
0.0109127
0.010859
0.0108609
0.00681095
0.00584255
0.00537744
0.0119994
0.0129566
0.01808
0.0163513
0.0135703
0.0129578
0.00750087
0.00637132
0.00666674
0.0109859
0.010639
0.0111533
0.012325
0.0083517
0.00878614
0.00983281
0.0130517
0.0139699
0.0185259
0.0148445
0.0151784
0.0198282
0.019279
0.0153183
0.017754
0.0182765
0.0122426
0.0122717
0.0122656
0.00904512
0.00910039
0.0091387
0.00783498
0.0115645
0.0204408
0.013699
0.0120406
0.0119063
0.0180411
0.0291415
0.0445104
0.0645296
0.0325174
0.0189323
0.0164571
0.0154439
0.0180495
0.0206029
0.0197927
0.0168756
0.0171029
0.00769041
0.00734875
0.0070833
0.00846772
0.00813377
0.00795434
0.00794896
0.0107596
0.0108798
0.0118743
0.00863815
0.00724944
0.00695785
0.0122327
0.0131328
0.0133128
0.00948727
0.0098853
0.0100256
0.0101927
0.0105555
0.0106517
0.0143936
0.0108324
0.00992954
0.0100538
0.00840495
0.00820192
0.00819243
0.013313
0.0133937
0.0134375
0.0069324
0.00686461
0.00689257
0.00692144
0.00859966
0.00835242
0.00833409
0.0128358
0.0170167
0.0155229
0.0110093
0.00918459
0.0090866
0.00955437
0.00934705
0.00931834
0.0103459
0.0120866
0.0149057
0.0189571
0.0197487
0.0194057
0.0190978
0.0130017
0.0106308
0.010169
0.00781133
0.0082942
0.00922052
0.0114844
0.010834
0.0107307
0.0106777
0.00722557
0.00717715
0.00792292
0.00600144
0.00529307
0.00592112
0.0125122
0.0114208
0.0103992
0.00932018
0.00946683
0.00902091
0.00821548
0.0088362
0.00838726
0.00823002
0.00926771
0.00916821
0.00913544
0.00899725
0.00889541
0.00876445
0.0129538
0.0133
0.0165073
0.0115247
0.0108031
0.0113085
0.0128364
0.00915972
0.0084277
0.0090193
0.00950916
0.00955141
0.00955529
0.0099392
0.00996821
0.00993877
0.0117513
0.0133603
0.0160519
0.010544
0.0108304
0.00989969
0.0158161
0.0207185
0.0138491
0.0116864
0.0078799
0.00947406
0.00888824
0.0128942
0.0109124
0.0106503
0.0154207
0.0145689
0.0139659
0.0133713
0.0104079
0.0105
0.0105916
0.0125675
0.0130966
0.0133751
0.0126794
0.0129698
0.0137763
0.013807
0.0131802
0.01332
0.0139135
0.0108361
0.0120875
0.0126079
0.00711714
0.00704355
0.00703727
0.00702624
0.00705138
0.00759551
0.0125745
0.0120402
0.011933
0.0092383
0.00983972
0.0104761
0.0106944
0.0119225
0.0236027
0.0254959
0.0382492
0.0370106
0.02469
0.0177529
0.0193766
0.0228868
0.0344551
0.0207838
0.0310318
0.0234088
0.0104901
0.0107035
0.0111299
0.0160582
0.0113864
0.00980691
0.00916132
0.0108785
0.0157046
0.0345141
0.0205628
0.0293624
0.0175754
0.013838
0.0108279
0.0116847
0.010984
0.00991596
0.00980458
0.00912799
0.00839116
0.00785533
0.0116002
0.0115918
0.0110673
0.00723719
0.00737349
0.00745726
0.00913793
0.0135925
0.0212115
0.0416596
0.0227592
0.0177503
0.0135986
0.0124189
0.0086753
0.00872509
0.0104074
0.0102236
0.010988
0.00757886
0.00679964
0.00670406
0.00668577
0.0097042
0.00974789
0.0117622
0.0088435
0.00885838
0.00881766
0.00879002
0.0106758
0.0140354
0.00976517
0.0188839
0.0410897
0.0794597
0.102346
0.0516587
0.02546
0.0278609
0.0133498
0.00967865
0.0118287
0.0200895
0.0315037
0.0389509
0.0474537
0.0245724
0.0108859
0.00757948
0.00816548
0.00839997
0.0131687
0.0150972
0.0176962
0.0144746
0.0117516
0.0126046
0.00833436
0.00755419
0.00747466
0.00639489
0.00644166
0.00653249
0.00664689
0.00613043
0.00953108
0.0162376
0.0121221
0.00923281
0.00795139
0.0183944
0.0197116
0.019409
0.00990086
0.00835196
0.00722051
0.00902228
0.00885869
0.00920594
0.0102866
0.00816074
0.0080577
0.00745953
0.008471
0.00824521
0.0084869
0.00551853
0.0084862
0.014532
0.0176028
0.0161752
0.00925303
0.00717043
0.00870278
0.00871515
0.00876913
0.00971735
0.0109071
0.0113056
0.00799933
0.00801423
0.00874377
0.0106791
0.0198128
0.0321473
0.0157283
0.00977625
0.0123113
0.00986257
0.00652629
0.00539667
0.00488559
0.0136203
0.0140531
0.0200191
0.0157883
0.0100717
0.00778746
0.00622883
0.00629166
0.0064376
0.0063976
0.00790773
0.00749394
0.00812072
0.0086016
0.0105002
0.01365
0.00642847
0.00516846
0.00516677
0.00672512
0.00672615
0.00672089
0.00677997
0.00681459
0.00685313
0.00688586
0.00794297
0.00847993
0.00929724
0.0106029
0.0109823
0.0110733
0.0117451
0.0121048
0.0102235
0.0117625
0.0100152
0.00956278
0.00959651
0.00953149
0.00914414
0.0090219
0.00975135
0.00985364
0.00989147
0.011926
0.0118713
0.0125426
0.0115117
0.0116492
0.0137935
0.0124135
0.0116527
0.0115482
0.0106308
0.00787806
0.00766982
0.007643
0.00673433
0.00614254
0.00712716
0.010187
0.00936263
0.00922556
0.00415485
0.00414816
0.00415604
0.00416041
0.00832154
0.00796068
0.00764583
0.0101343
0.0100392
0.0103281
0.00843632
0.00853837
0.00857011
0.00773772
0.00762538
0.00787568
0.00646364
0.00662599
0.00668387
0.00647919
0.00858353
0.0119827
0.0187152
0.00772023
0.00561632
0.00581106
0.00877927
0.00934022
0.0102777
0.0111554
0.0201439
0.0351456
0.0567274
0.0181166
0.00673546
0.00460891
0.0102321
0.00916589
0.00821422
0.0142392
0.0175423
0.0147695
0.0165852
0.0169907
0.0122046
0.00618826
0.00567523
0.00579107
0.00629497
0.00760471
0.00656348
0.0065437
0.0120839
0.0118909
0.0119448
0.00913487
0.00851732
0.00901781
0.00977596
0.00978579
0.00980297
0.00982186
0.00747333
0.00728684
0.00743764
0.0102933
0.010462
0.0111204
0.00661167
0.00585733
0.00557399
0.00714575
0.00693294
0.006782
0.00600659
0.00596747
0.00595445
0.00595524
0.00679159
0.00746461
0.00789349
0.00794591
0.00723118
0.00715777
0.00643215
0.00635518
0.00642402
0.00560128
0.00579675
0.00745832
0.00790999
0.00682269
0.00662637
0.00619079
0.0111488
0.013605
0.0167768
0.00893517
0.00793066
0.00791004
0.0082442
0.00833462
0.00782642
0.00609716
0.00593601
0.00587622
0.00586946
0.0104427
0.0109525
0.0244292
0.0130967
0.00895808
0.00944034
0.0135784
0.0125492
0.0129
0.00738088
0.00688114
0.00658833
0.00655627
0.00671234
0.00565262
0.0059516
0.00601558
0.00667483
0.00646815
0.00798637
0.00803766
0.00806918
0.0100875
0.0105914
0.0119848
0.0151211
0.0131066
0.01369
0.0127892
0.00697591
0.00654633
0.00629261
0.0162337
0.0149669
0.0160282
0.00631628
0.00633671
0.00707238
0.0105691
0.0116556
0.0119444
0.0123436
0.00789691
0.0058813
0.00563777
0.00600672
0.00618916
0.00605326
0.0126533
0.0136968
0.0110491
0.00674871
0.00683744
0.00664588
0.00753815
0.00744505
0.00741839
0.00743641
0.00694093
0.00704982
0.00721028
0.0101331
0.0100529
0.0101218
0.00551438
0.00546147
0.00542575
0.00511547
0.00662392
0.0088383
0.011625
0.00787452
0.00755518
0.00620676
0.00555577
0.00566984
0.00657494
0.00710633
0.00804917
0.00829268
0.0097392
0.0105573
0.0100381
0.0115143
0.0113213
0.0120032
0.0129828
0.00830483
0.00808995
0.00787304
0.00769767
0.00954524
0.0131021
0.0094059
0.00779501
0.00763439
0.00838245
0.00727422
0.0218429
0.0212155
0.0135966
0.00926897
0.00818465
0.0107174
0.00969982
0.00947438
0.010003
0.00945254
0.00949194
0.00935834
0.010229
0.0097266
0.00869971
0.00675993
0.00897576
0.0117624
0.00986601
0.00747614
0.0079427
0.00519268
0.00425689
0.00407434
0.00569222
0.00557794
0.00552818
0.0078149
0.00789459
0.0079546
0.00848465
0.00879842
0.00829183
0.00822536
0.0115836
0.0122537
0.0125746
0.011174
0.0107943
0.0114683
0.0082549
0.00826849
0.00824678
0.00919414
0.00920921
0.00932007
0.00930139
0.0104167
0.0102594
0.0103727
0.0116552
0.010852
0.0105879
0.0066272
0.0065162
0.00647837
0.0118794
0.0121557
0.0124886
0.012491
0.00857308
0.00805055
0.00793427
0.0111224
0.00948725
0.0111375
0.0108868
0.00931435
0.00907168
0.00763017
0.007705
0.00812519
0.00998941
0.010125
0.0102211
0.0102956
0.0145697
0.0133147
0.0122489
0.00661093
0.0147339
0.0300883
0.0171621
0.0132378
0.012877
0.0104942
0.00895394
0.00821411
0.00801732
0.0128727
0.0236141
0.037206
0.0284515
0.0163848
0.00865065
0.00757332
0.0145029
0.0270079
0.0126047
0.00455457
0.00413395
0.00832491
0.00770558
0.00737532
0.00766466
0.011211
0.0107212
0.0103619
0.0068793
0.00707979
0.00722144
0.0122216
0.0107145
0.0105577
0.0105154
0.0114219
0.0131581
0.011314
0.00760414
0.00641772
0.00582035
0.0071295
0.00668671
0.00668289
0.00885905
0.0088891
0.0091785
0.00742193
0.00801948
0.00962846
0.0127923
0.0132726
0.0134843
0.0136108
0.0105119
0.0109676
0.00988451
0.00802596
0.00781438
0.00762502
0.00847723
0.00887097
0.00925781
0.00742017
0.00624675
0.00598682
0.00624571
0.00606812
0.00640684
0.00738921
0.0119118
0.0109108
0.0105706
0.00895349
0.00885558
0.00963679
0.00463009
0.00510593
0.00516672
0.00741782
0.00849036
0.007975
0.00769469
0.0079109
0.00955697
0.0118402
0.00518153
0.00607724
0.0136315
0.00992453
0.00642107
0.0067688
0.00532084
0.00497258
0.00492672
0.00521364
0.00628383
0.00669896
0.00618322
0.00798461
0.00798704
0.00803476
0.0110749
0.0115139
0.0116073
0.00756899
0.00757519
0.00763239
0.00606498
0.00660599
0.00617341
0.00575119
0.00456655
0.00457287
0.00507611
0.00640969
0.0063532
0.0063463
0.00760759
0.00821682
0.00927993
0.01233
0.0233643
0.0195387
0.0165772
0.0189642
0.0180183
0.0173668
0.0119344
0.00948016
0.0107993
0.0125812
0.013087
0.010784
0.00975464
0.00920862
0.00906747
0.00926231
0.0111612
0.0103075
0.0101635
0.0112671
0.0128191
0.0151246
0.0124916
0.0108219
0.011089
0.0156232
0.0134576
0.0123674
0.00847102
0.0079298
0.00733143
0.00692577
0.00679596
0.00706453
0.00711653
0.0105525
0.00880628
0.00842336
0.00807846
0.0077063
0.00766738
0.00600568
0.0057216
0.00736908
0.00723668
0.00539904
0.00449337
0.0040994
0.00503872
0.00513554
0.00517317
0.0115732
0.0198038
0.0304145
0.0124548
0.00953678
0.00948824
0.0097221
0.00959809
0.0105728
0.0120514
0.00707578
0.00655365
0.00664715
0.00818875
0.0087012
0.0109243
0.00881354
0.00987188
0.0196153
0.0167427
0.0152752
0.0155575
0.0159522
0.0164287
0.0162719
0.0204651
0.033453
0.0245135
0.0215051
0.0136256
0.00906423
0.0071127
0.00851238
0.00876379
0.0095072
0.00623616
0.00569164
0.00570144
0.00616414
0.00812935
0.00772911
0.00771878
0.00612334
0.00740547
0.00933035
0.00548416
0.00461814
0.00461038
0.00947929
0.00942083
0.00936569
0.00413556
0.0042367
0.00624705
0.00699036
0.00617752
0.00685162
0.0048109
0.00521157
0.00493765
0.00494583
0.00646496
0.00643056
0.00640663
0.00669497
0.00660156
0.00654558
0.00653485
0.00510103
0.00515856
0.00519862
0.00910772
0.00938812
0.00961402
0.013923
0.0179382
0.0228279
0.010405
0.00697364
0.00607166
0.00933739
0.00844832
0.0093565
0.00965429
0.00943008
0.00916371
0.00862988
0.0105039
0.0108984
0.0108452
0.00558169
0.00688654
0.00762166
0.0079021
0.00741492
0.006614
0.00651539
0.0112289
0.0124943
0.0122929
0.0115483
0.00808565
0.00694673
0.00556318
0.0050654
0.00489917
0.0128896
0.014489
0.0147089
0.0105527
0.0102895
0.00990999
0.00851642
0.00621433
0.00605149
0.00604696
0.00813253
0.00821791
0.00824131
0.0057871
0.00561043
0.00549425
0.00909917
0.0092382
0.00926682
0.00935235
0.00675801
0.00592049
0.00546887
0.00496198
0.00512362
0.00516574
0.00661634
0.0077278
0.00939532
0.00973821
0.0110048
0.0127354
0.00789734
0.00613043
0.00569868
0.00570543
0.00835181
0.00895134
0.0101571
0.0109286
0.0106911
0.0110571
0.0086034
0.00885882
0.00836699
0.00964822
0.00958258
0.00961412
0.00966052
0.00748577
0.00761595
0.00765909
0.00707987
0.00823596
0.00999365
0.00939185
0.0078399
0.00778616
0.00763444
0.00765692
0.0076669
0.00787805
0.00809879
0.00820353
0.00832432
0.00808808
0.00883538
0.00923369
0.0100755
0.0111809
0.0105737
0.0107412
0.0097501
0.00976034
0.0137932
0.0136098
0.0128127
0.0121826
0.0103437
0.0105281
0.0117581
0.0070685
0.00628514
0.00618529
0.0110617
0.0216112
0.03949
0.0162301
0.00783531
0.00738142
0.0042255
0.0042318
0.00424318
0.00424798
0.00379715
0.00327112
0.00336128
0.00658223
0.00708362
0.00982348
0.00931764
0.00866484
0.00857124
0.00379592
0.00618036
0.0108633
0.0171769
0.0156094
0.0134905
0.0129614
0.00849485
0.00722434
0.00709623
0.0099365
0.019412
0.0404583
0.01604
0.00816465
0.00733172
0.008065
0.0238713
0.0566359
0.108831
0.0328901
0.00950946
0.0111265
0.0074823
0.00681291
0.00669094
0.0111343
0.0110798
0.0110656
0.0100618
0.0117801
0.0142336
0.0171836
0.0168431
0.024218
0.0123519
0.00716929
0.00531075
0.00548046
0.0107406
0.0136257
0.0143542
0.0101095
0.00867192
0.00952187
0.00863942
0.00756271
0.00626365
0.00583957
0.0135556
0.0147753
0.0162177
0.012747
0.0137674
0.0149606
0.0190283
0.0319324
0.0456022
0.0225453
0.0155163
0.012749
0.0100305
0.011068
0.0098396
0.00923644
0.0100805
0.0104848
0.0094458
0.00657903
0.00633706
0.00633438
0.00863713
0.00888093
0.00906521
0.00915982
0.00872698
0.00857861
0.00864121
0.0085734
0.0091181
0.00967932
0.0079203
0.00729511
0.00711667
0.00711987
0.00707769
0.00708233
0.0115532
0.0117591
0.0130571
0.0124986
0.00781688
0.00653772
0.00642054
0.0104739
0.011139
0.0145684
0.0115111
0.0140669
0.0174132
0.0190878
0.0196839
0.0141534
0.0102828
0.00932647
0.00929274
0.00929465
0.0153832
0.0175272
0.0183604
0.00756917
0.0118301
0.0414243
0.0208628
0.0101235
0.00875226
0.00890668
0.00858295
0.0105063
0.0138107
0.0195115
0.0211096
0.0233613
0.0247416
0.0315723
0.028166
0.0183399
0.0152111
0.0156786
0.0313859
0.0300822
0.0342425
0.036074
0.0138897
0.00950586
0.0095479
0.0108214
0.00936359
0.00855635
0.00985856
0.0244948
0.0522115
0.024759
0.0151603
0.0151116
0.0115391
0.0114979
0.011456
0.0111364
0.0133611
0.0122122
0.0123911
0.00786685
0.00749281
0.00750478
0.0188768
0.0202105
0.0229806
0.0140636
0.0104029
0.0121126
0.0110876
0.00744484
0.00988525
0.0105351
0.0115845
0.0107559
0.010506
0.0130123
0.0123423
0.0117774
0.00942286
0.010033
0.0102575
0.0098475
0.0103291
0.0114711
0.0131387
0.00969971
0.00903611
0.00888718
0.010977
0.0101309
0.00977348
0.00885962
0.00946365
0.0103241
0.0113461
0.0105682
0.0103388
0.00774279
0.00764437
0.00761758
0.00761877
0.00548299
0.00560425
0.00578868
0.0166993
0.0169083
0.0175542
0.0101039
0.0116129
0.0122662
0.0205813
0.0186993
0.0170162
0.0151895
0.0133235
0.0142699
0.0141508
0.00772437
0.00693829
0.00688099
0.007197
0.00798235
0.00729432
0.00878079
0.00962459
0.0093059
0.00929269
0.00778765
0.00575032
0.00447957
0.00864343
0.00848196
0.00858659
0.0122325
0.0125247
0.0130309
0.0119966
0.0146643
0.0175718
0.017993
0.0171292
0.0144252
0.0124103
0.0147204
0.011205
0.00962753
0.00724475
0.006607
0.00720715
0.00604801
0.00624364
0.00600679
0.00549812
0.00547521
0.00547555
0.00547576
0.00624117
0.00625129
0.00644275
0.00695598
0.00688535
0.00760239
0.0074709
0.00735087
0.00721307
0.00824468
0.00890126
0.00889166
0.0062733
0.00623476
0.00616599
0.00625786
0.00564435
0.00573194
0.0057654
0.00601516
0.00594114
0.00593807
0.00812417
0.00924212
0.0112346
0.00752493
0.00738199
0.00906686
0.00611178
0.00545042
0.00522158
0.00505743
0.00788587
0.00850488
0.00733235
0.00723153
0.00846061
0.00740849
0.00576168
0.00546741
0.00529046
0.00472203
0.00476798
0.0047865
0.00479655
0.0169604
0.0195502
0.0206701
0.0139555
0.010106
0.00853631
0.00494571
0.00475456
0.00476066
0.00568056
0.00557079
0.00542226
0.00668615
0.00663123
0.00670241
0.00664611
0.00945511
0.00957019
0.00940766
0.00999735
0.0111852
0.0129895
0.0210999
0.0221717
0.0292942
0.0132563
0.0101218
0.0227855
0.0498284
0.0276309
0.0122478
0.0109322
0.0115263
0.0113986
0.0110794
0.0106675
0.00891444
0.0084673
0.00798197
0.00785224
0.00778477
0.00976345
0.0145793
0.022979
0.0360921
0.0352836
0.0251332
0.0123041
0.00694798
0.00661568
0.00669159
0.0123471
0.0132062
0.0133452
0.00709289
0.00773123
0.00887707
0.0104877
0.00825387
0.00704881
0.00660583
0.0192893
0.0213771
0.0246384
0.01265
0.0078565
0.00747557
0.00629521
0.00704406
0.00721503
0.00645647
0.00546924
0.00528285
0.00519813
0.00887242
0.00885727
0.00899049
0.00609176
0.00577966
0.00570548
0.0070845
0.00714525
0.00679662
0.00934106
0.0102852
0.00982746
0.00888748
0.0105097
0.0145697
0.0204863
0.0091431
0.00667402
0.00688256
0.00891443
0.0098731
0.0118479
0.0111729
0.0090867
0.00808956
0.0078795
0.00863799
0.00870805
0.00898867
0.00933768
0.00868112
0.0100121
0.00893212
0.00840989
0.0084627
0.00681961
0.0065167
0.00747188
0.00847583
0.00778829
0.00778062
0.00781777
0.00576304
0.00663541
0.00589096
0.00555371
0.00534069
0.00631887
0.0101978
0.00815064
0.0071059
0.00772947
0.007629
0.00760224
0.0078254
0.00710758
0.00700736
0.00700052
0.00922476
0.00935485
0.00940521
0.00678572
0.00699169
0.00718703
0.00615146
0.00585685
0.00579269
0.00886415
0.0093941
0.010424
0.0119497
0.00877859
0.00841205
0.00825645
0.00719897
0.00755141
0.00818659
0.0118603
0.0130934
0.0241682
0.0235362
0.0245044
0.0170931
0.011184
0.00761098
0.00737581
0.00744969
0.0125245
0.0149268
0.0180093
0.0161488
0.0160053
0.0189855
0.0147002
0.0262594
0.0570141
0.0183021
0.0130764
0.0132543
0.0133486
0.0227817
0.0332355
0.0430422
0.0222265
0.00925345
0.00694413
0.00959507
0.00870516
0.008692
0.00988805
0.00951838
0.00962086
0.0096911
0.0233015
0.0212269
0.0210505
0.00644475
0.00535332
0.0051787
0.00931656
0.00921792
0.0100784
0.00931326
0.00821408
0.00762314
0.00820917
0.00846398
0.00916708
0.0103825
0.0160352
0.0125469
0.0114782
0.00638786
0.00625777
0.00592006
0.00752169
0.0075745
0.00769147
0.00682671
0.00719339
0.00852312
0.0109326
0.0360243
0.0401425
0.0421155
0.0320533
0.0142191
0.0249152
0.0302203
0.0118178
0.00525875
0.00642624
0.00643108
0.00643508
0.00917198
0.00918752
0.00920124
0.00938922
0.00505721
0.00519619
0.00543697
0.010679
0.0129761
0.0137291
0.0140073
0.0131795
0.0131311
0.00503229
0.00468244
0.00494089
0.00523008
0.0101613
0.0110503
0.0102497
0.00682923
0.00946007
0.0139346
0.00886144
0.00702968
0.00673814
0.00924175
0.00882531
0.00926603
0.00781582
0.00738554
0.00757118
0.0071882
0.0063441
0.00715241
0.00831707
0.0114074
0.00866591
0.00758585
0.00917852
0.00863502
0.00927082
0.0122636
0.0106238
0.00978423
0.0097608
0.00659142
0.00744644
0.00890185
0.0094456
0.00927646
0.00895831
0.0150901
0.0111591
0.015487
0.0141275
0.0155618
0.0167846
0.0180489
0.0142099
0.0124574
0.011437
0.0078431
0.00789997
0.00796446
0.0112054
0.0113018
0.0113984
0.00669532
0.00662254
0.00681127
0.00726002
0.00745118
0.00709716
0.00698251
0.00569745
0.00571153
0.00572271
0.0185056
0.0544875
0.123811
0.0403284
0.0184164
0.0104307
0.0151733
0.0142515
0.0136355
0.0041161
0.00423868
0.00429175
0.00429475
0.0105772
0.0106487
0.0107593
0.0117412
0.0110042
0.0106959
0.00901989
0.00860016
0.00882574
0.00669537
0.0064654
0.00645122
0.0105982
0.0156049
0.0173722
0.0310598
0.016921
0.00890269
0.00709797
0.00600013
0.00590347
0.00589725
0.00896307
0.00872646
0.00843435
0.00825784
0.0087644
0.00958342
0.0107041
0.00761492
0.0073978
0.00600001
0.00979866
0.0130271
0.0186575
0.00999516
0.00712015
0.00679392
0.00440201
0.0044232
0.00452013
0.00455762
0.00684364
0.00676479
0.00658829
0.00548242
0.00548622
0.00549317
0.00897214
0.0121207
0.0179583
0.0101518
0.0119921
0.0164532
0.00928197
0.00745939
0.00736228
0.00741274
0.00571203
0.00584495
0.00590108
0.00532764
0.00520432
0.00518834
0.00440171
0.00600154
0.00807086
0.0107375
0.0113667
0.00930466
0.00851327
0.00789789
0.0081662
0.00823048
0.00823093
0.00738869
0.00719435
0.00779324
0.00851956
0.00750347
0.00979937
0.00974691
0.00976279
0.0070959
0.00737937
0.00732941
0.00964799
0.00832131
0.00647098
0.00590855
0.00892588
0.0155097
0.0312019
0.0181272
0.0109897
0.0105316
0.00730944
0.0065284
0.00688027
0.0070184
0.0105416
0.0105036
0.0105349
0.00495002
0.00582529
0.00779207
0.00648251
0.00602177
0.00587399
0.016442
0.0172366
0.0184581
0.00991924
0.00919015
0.0087953
0.00872203
0.00394063
0.00394407
0.00394501
0.00791995
0.00785999
0.00785151
0.00956747
0.00940816
0.00943551
0.00933892
0.00936649
0.00903215
0.00917151
0.00874818
0.00891862
0.00811024
0.00883956
0.00919762
0.0125126
0.0172668
0.0178015
0.0190329
0.0136096
0.0137376
0.0140899
0.011091
0.00891575
0.00774449
0.0076641
0.00665542
0.00638249
0.00667486
0.00581907
0.00752042
0.0102489
0.00618178
0.0043635
0.00383332
0.0064724
0.00635398
0.0063542
0.0134655
0.0142707
0.0214565
0.0353011
0.037137
0.0174331
0.0204184
0.0197749
0.0193187
0.0193516
0.021843
0.0212744
0.0204873
0.0164348
0.017848
0.0188886
0.0114354
0.018929
0.0204272
0.021653
0.0156437
0.0151473
0.015194
0.0151987
0.0198337
0.0251211
0.0115255
0.00697922
0.00594964
0.00852548
0.00886114
0.00984204
0.0105624
0.0136141
0.0147916
0.0165644
0.0122782
0.0121906
0.0122263
0.0332214
0.0349672
0.0393763
0.0138757
0.00674002
0.00571822
0.00543374
0.00843507
0.00881272
0.00916986
0.0134603
0.0117451
0.0108687
0.00941097
0.0095131
0.00954882
0.0118431
0.0189704
0.0282708
0.0361739
0.027561
0.0366563
0.0346191
0.0430904
0.0415691
0.0409001
0.0423143
0.0444638
0.021921
0.0122573
0.010289
0.0106367
0.00804928
0.00735503
0.00739991
0.00745524
0.00995832
0.00899702
0.008774
0.0112022
0.0123443
0.0136925
0.0156126
0.0145769
0.0143281
0.0110139
0.00946511
0.0086129
0.00698601
0.00689934
0.00730212
0.00739778
0.00897974
0.0109696
0.00958401
0.00758177
0.00716684
0.00779889
0.00832109
0.00836315
0.00842339
0.00561477
0.00614575
0.00628019
0.00637174
0.00674465
0.00681663
0.0069355
0.00579354
0.00639406
0.00672066
0.0117362
0.00949004
0.010695
0.00997304
0.00914374
0.0103829
0.00583099
0.00553051
0.00550061
0.00550221
0.0107755
0.0102583
0.0111421
0.00737161
0.00770829
0.00683131
0.0101344
0.00848484
0.00883108
0.00761908
0.00671664
0.00711732
0.00721306
0.00875756
0.00856733
0.00834879
0.0153223
0.0162161
0.0169114
0.0120451
0.010385
0.00984984
0.00892384
0.00909161
0.00912429
0.00793918
0.00754763
0.00748752
0.00749851
0.00779749
0.00772377
0.00777483
0.00634567
0.00642928
0.00638286
0.00923258
0.00835023
0.0081215
0.00667257
0.00629482
0.0071383
0.00774705
0.00682585
0.00655443
0.00650535
0.0143945
0.0144577
0.0255956
0.0343107
0.0201862
0.0102913
0.00395299
0.00398093
0.00399982
0.00989229
0.0102681
0.0104408
0.0105628
0.00784731
0.00758108
0.0074649
0.00734713
0.00966455
0.0136838
0.0196736
0.0117136
0.00851757
0.00861386
0.00853955
0.00847211
0.00909929
0.00902601
0.00899381
0.00902806
0.00779582
0.00807467
0.00824136
0.0139686
0.0187828
0.0257819
0.0343847
0.0175634
0.0116824
0.0116637
0.012088
0.0123044
0.0127727
0.013362
0.00914917
0.00972556
0.00612533
0.00485295
0.00437858
0.0074765
0.00745345
0.00761088
0.0109649
0.0116848
0.0121562
0.0101008
0.010301
0.0082684
0.00732249
0.00754316
0.00771079
0.00850873
0.00740893
0.00766085
0.00776767
0.00531847
0.00465774
0.00492048
0.00947445
0.00925974
0.0100858
0.00978988
0.00807183
0.008173
0.00827029
0.0072755
0.00681571
0.00673801
0.0110305
0.0114039
0.0116176
0.0100537
0.00935697
0.00934721
0.00921201
0.00877892
0.00867925
0.0086955
0.00678476
0.00677465
0.00689543
0.0118808
0.0113367
0.0108083
0.00693968
0.00793444
0.00822084
0.00783226
0.00708101
0.00664068
0.00756706
0.00972901
0.0100175
0.0110886
0.0102581
0.0123266
0.0130662
0.0199047
0.0311522
0.0497816
0.0632909
0.0515666
0.0459431
0.0460344
0.0281868
0.0154378
0.0120906
0.0090391
0.00903726
0.00903619
0.0102433
0.0104984
0.0106758
0.0107646
0.0143575
0.0154235
0.0105649
0.0105867
0.00831755
0.00754012
0.0102506
0.0104848
0.0106487
0.00775813
0.00766735
0.00764755
0.0101051
0.010303
0.0103976
0.00956436
0.0100459
0.0109672
0.0114292
0.00849948
0.00718013
0.0109474
0.00796265
0.00735139
0.00800038
0.00796797
0.00866661
0.00679484
0.00404374
0.00427757
0.00398509
0.0107296
0.0107633
0.010892
0.0109331
0.0063686
0.00678216
0.00636515
0.00431594
0.00424596
0.0043271
0.00976508
0.00917748
0.00896752
0.00593879
0.00605416
0.00602073
0.00603558
0.00614688
0.00655499
0.00717055
0.00876628
0.00862182
0.00860233
0.00824511
0.00804835
0.00804239
0.00747948
0.0077807
0.00787533
0.0147955
0.0169782
0.0186058
0.0172806
0.00825301
0.00794201
0.00807614
0.00679015
0.00844174
0.0127512
0.0160568
0.0104805
0.0090314
0.00755827
0.00758136
0.0117895
0.009991
0.00748869
0.00650115
0.00638488
0.0112596
0.0129433
0.0148608
0.0153828
0.0157554
0.0194654
0.0120469
0.00994615
0.0104257
0.00765427
0.00747834
0.00732181
0.00714748
0.0101209
0.00980382
0.00959911
0.00674332
0.00675741
0.00660488
0.00466369
0.00465803
0.00464157
0.00490491
0.00499861
0.00547059
0.00820811
0.00951231
0.011992
0.0154342
0.0117472
0.00829354
0.00838368
0.00855222
0.00832073
0.0084008
0.00334928
0.00283897
0.00259834
0.0113475
0.0156207
0.0222232
0.0305309
0.0245302
0.0152183
0.0105834
0.00681909
0.00718743
0.0045881
0.00863709
0.011283
0.0120113
0.00907908
0.00677612
0.00768652
0.00633045
0.00478797
0.00449152
0.00471355
0.00626309
0.00580482
0.00532248
0.00240826
0.00240931
0.00241374
0.0101125
0.0134415
0.0178609
0.00533637
0.00402966
0.00372227
0.00373092
0.00817567
0.00872218
0.0086582
0.00728235
0.00630497
0.00626488
0.0105969
0.0112502
0.0116057
0.00585577
0.00598743
0.0059211
0.00968079
0.00999069
0.00996616
0.0100337
0.019953
0.0212126
0.0274088
0.0140572
0.0112667
0.0110715
0.00572373
0.00580812
0.00579299
0.0132372
0.0109378
0.00959015
0.00931454
0.00569532
0.0057863
0.00588228
0.00488044
0.0048544
0.00485028
0.00636176
0.0063591
0.00637731
0.00753082
0.00752687
0.00752556
0.00663353
0.00825791
0.0108498
0.0142771
0.011026
0.0134067
0.0109847
0.0100611
0.0122312
0.01498
0.0160811
0.0127813
0.0124885
0.0111639
0.00969326
0.00942029
0.00934465
0.00712585
0.00713012
0.00713344
0.00673718
0.00683898
0.00786517
0.00999109
0.010053
0.00949409
0.0154063
0.0206054
0.0190016
0.016044
0.0168009
0.0117258
0.00831428
0.0156631
0.0359639
0.0734438
0.0666086
0.0305868
0.0098673
0.00471822
0.00471194
0.00477134
0.00854942
0.00952253
0.010662
0.00348189
0.00350354
0.00379036
0.0118552
0.0105074
0.0100996
0.00940535
0.00884157
0.00859829
0.00405495
0.00460858
0.00506652
0.00593276
0.00537087
0.00547893
0.00550723
0.0121598
0.0105296
0.00944358
0.0052943
0.00591984
0.00693558
0.0120256
0.0115004
0.011199
0.00510889
0.00577971
0.00627493
0.0112853
0.0102968
0.00946003
0.00925708
0.00708463
0.00645381
0.00693177
0.00978692
0.00970676
0.00977184
0.00873772
0.0108163
0.0136195
0.00641798
0.00547083
0.00645631
0.00798519
0.00833073
0.00569406
0.00392866
0.00970665
0.0101114
0.010144
0.0060267
0.00555746
0.00582835
0.00650171
0.00638724
0.00640139
0.0021642
0.00214254
0.00214255
0.00214256
0.00602456
0.00594818
0.0059349
0.00618977
0.00646264
0.00670506
0.00803252
0.00689389
0.00636318
0.00825767
0.00913056
0.00816741
0.00706313
